,Topic_0,Topic_1,Topic_2,Topic_3,Topic_4,Topic_5,Topic_6,Topic_7,Topic_8,Topic_9,Topic_10,Topic_11,Topic_12,Topic_13,Topic_14,Topic_15,Topic_16,Topic_17,Topic_18,Topic_19
Topic_0,1.0000006,0.2466366,0.3222901,0.46345857,0.20261635,0.23056768,0.2475035,0.10638153,0.21491416,0.26222044,0.064581096,0.058137827,0.22890781,0.14565252,0.2910944,0.08773198,0.22411902,0.20630465,0.19213857,0.21002737
Topic_1,0.2466366,0.9999995,0.17054118,0.39322624,0.12760508,0.41071847,0.2437874,0.17753905,0.31234682,0.23592404,0.046621118,0.07874088,0.23314705,0.3965918,0.36336723,0.16055617,0.23440374,0.3379149,0.25015324,0.4641286
Topic_2,0.3222901,0.17054118,1.0000005,0.28614223,0.52442455,0.4360418,0.20741732,0.22580336,0.2830023,0.3469973,0.30887672,0.20907894,0.3261146,0.21930033,0.3060549,0.2816411,0.24789478,0.28587022,0.28383824,0.30361134
Topic_3,0.46345857,0.39322624,0.28614223,0.9999998,0.117233664,0.39998013,0.4151066,0.08667495,0.21757531,0.3314859,0.08402189,0.1049848,0.36565584,0.23171689,0.29237556,0.1186858,0.31904268,0.33995226,0.1726795,0.34477863
Topic_4,0.20261635,0.12760508,0.52442455,0.117233664,1.0000001,0.28162685,0.062564634,0.15621524,0.29951012,0.28104746,0.24235046,0.013532798,0.03731757,0.031870067,0.17652878,0.02493167,0.0732059,0.09591513,0.16919494,0.19742934
Topic_5,0.23056768,0.41071847,0.4360418,0.39998013,0.28162685,0.99999976,0.32920417,0.30476332,0.72669685,0.27298442,0.09815658,0.24876378,0.43837577,0.2618771,0.42903137,0.2808697,0.3351133,0.28956854,0.37849176,0.5399602
Topic_6,0.2475035,0.2437874,0.20741732,0.4151066,0.062564634,0.32920417,1.0000005,0.052666657,0.19391297,0.18793695,0.041549735,0.18999648,0.44642138,0.18801524,0.28350618,0.09044715,0.30668738,0.19962233,0.15765868,0.25909293
Topic_7,0.10638153,0.17753905,0.22580336,0.08667495,0.15621524,0.30476332,0.052666657,1.0000005,0.2296929,0.14179833,0.28371298,0.2906275,0.20680413,0.20422614,0.33347046,0.45573694,0.48852003,0.41709155,0.6682594,0.2147726
Topic_8,0.21491416,0.31234682,0.2830023,0.21757531,0.29951012,0.72669685,0.19391297,0.2296929,0.9999998,0.17463246,0.10418422,0.1370233,0.28327748,0.24511479,0.2463909,0.19642822,0.21368349,0.13773899,0.26549816,0.35932684
Topic_9,0.26222044,0.23592404,0.3469973,0.3314859,0.28104746,0.27298442,0.18793695,0.14179833,0.17463246,0.99999964,0.173848,0.026525054,0.24717313,0.037054025,0.19286062,0.008260717,0.12256433,0.3552187,0.13353749,0.1939784
Topic_10,0.064581096,0.046621118,0.30887672,0.08402189,0.24235046,0.09815658,0.041549735,0.28371298,0.10418422,0.173848,1.0000002,0.3506855,0.16400778,0.170922,0.16638784,0.3938558,0.17247744,0.30810386,0.29644945,0.16184396
Topic_11,0.058137827,0.07874088,0.20907894,0.1049848,0.013532798,0.24876378,0.18999648,0.2906275,0.1370233,0.026525054,0.3506855,0.9999999,0.30459774,0.13114846,0.23186831,0.48856187,0.25236446,0.3088292,0.37961295,0.12896076
Topic_12,0.22890781,0.23314705,0.3261146,0.36565584,0.03731757,0.43837577,0.44642138,0.20680413,0.28327748,0.24717313,0.16400778,0.30459774,0.9999998,0.19831681,0.27579498,0.34640622,0.3071963,0.33293295,0.23800084,0.3226578
Topic_13,0.14565252,0.3965918,0.21930033,0.23171689,0.031870067,0.2618771,0.18801524,0.20422614,0.24511479,0.037054025,0.170922,0.13114846,0.19831681,1.0,0.26558065,0.4589893,0.18557379,0.2761836,0.36448684,0.16762887
Topic_14,0.2910944,0.36336723,0.3060549,0.29237556,0.17652878,0.42903137,0.28350618,0.33347046,0.2463909,0.19286062,0.16638784,0.23186831,0.27579498,0.26558065,0.9999999,0.34910256,0.51019007,0.4602539,0.39718696,0.3244152
Topic_15,0.08773198,0.16055617,0.2816411,0.1186858,0.02493167,0.2808697,0.09044715,0.45573694,0.19642822,0.008260717,0.3938558,0.48856187,0.34640622,0.4589893,0.34910256,1.0000001,0.29988456,0.5113418,0.6229201,0.20060092
Topic_16,0.22411902,0.23440374,0.24789478,0.31904268,0.0732059,0.3351133,0.30668738,0.48852003,0.21368349,0.12256433,0.17247744,0.25236446,0.3071963,0.18557379,0.51019007,0.29988456,1.0000001,0.52918094,0.49488527,0.27886197
Topic_17,0.20630465,0.3379149,0.28587022,0.33995226,0.09591513,0.28956854,0.19962233,0.41709155,0.13773899,0.3552187,0.30810386,0.3088292,0.33293295,0.2761836,0.4602539,0.5113418,0.52918094,1.0000001,0.40841037,0.24310762
Topic_18,0.19213857,0.25015324,0.28383824,0.1726795,0.16919494,0.37849176,0.15765868,0.6682594,0.26549816,0.13353749,0.29644945,0.37961295,0.23800084,0.36448684,0.39718696,0.6229201,0.49488527,0.40841037,0.9999999,0.31569955
Topic_19,0.21002737,0.4641286,0.30361134,0.34477863,0.19742934,0.5399602,0.25909293,0.2147726,0.35932684,0.1939784,0.16184396,0.12896076,0.3226578,0.16762887,0.3244152,0.20060092,0.27886197,0.24310762,0.31569955,1.0000005
